-0.0326272
0
0.0326272
0.0652156
0.0977263
0.130121
0.16236
0.194407
0.226223
0.257771
0.289015
0.319918
0.350445
0.380562
0.410234
0.439428
0.468113
0.496258
0.523832
0.550808
0.577157
0.602853
0.627871
0.652188
0.67578
0.698628
0.720712
0.742014
0.762517
0.782206
0.801069
0.819093
0.836269
0.852587
0.868041
0.882626
0.896337
0.909173
0.921133
0.932219
0.942432
0.951778
0.960262
0.967891
0.974674
0.980621
0.985745
0.990057
0.993573
0.996307
0.998278
0.999502
1
0.999791
0.998897
0.99734
0.995144
0.992333
0.98893
0.984963
0.980458
0.975441
0.969939
0.963981
0.957595
0.950809
0.943653
0.936155
0.928344
0.920249
0.911901
0.903327
0.894556
0.885618
0.87654
0.867351
0.858078
0.848749
0.839389
0.830026
0.820683
0.811387
0.80216
0.793027
0.784008
0.775127
0.766402
0.757855
0.749502
0.741363
0.733453
0.725788
0.718382
0.711248
0.704399
0.697845
0.691596
0.685662
0.680048
0.674763
0.66981
0.665195
0.660919
0.656985
0.653393
0.650143
0.647233
0.644662
0.642424
0.640517
0.638933
0.637667
0.636712
0.636058
0.635698
0.63562
0.635816
0.636272
0.636978
0.637921
0.639088
0.640465
0.642038
0.643793
0.645714
0.647788
0.649998
0.652328
0.654763
0.657288
0.659886
0.662541
0.665238
0.667961
0.670693
0.673421
0.676127
0.678799
0.68142
0.683977
0.686456
0.688843
0.691127
0.693293
0.69533
0.697228
0.698975
0.700562
0.701978
0.703216
0.704266
0.705123
0.705779
0.706228
0.706466
0.706488
0.70629
0.70587
0.705225
0.704354
0.703257
0.701934
0.700386
0.698614
0.696621
0.694409
0.691984
0.689349
0.686509
0.683469
0.680237
0.676819
0.673223
0.669455
0.665526
0.661443
0.657216
0.652854
0.648367
0.643766
0.639061
0.634264
0.629384
0.624433
0.619423
0.614364
0.609268
0.604148
0.599013
0.593875
0.588746
0.583636
0.578557
0.573519
0.568533
0.563609
0.558757
0.553987
0.549307
0.544727
0.540255
0.5359
0.531667
0.527566
0.523602
0.519782
0.51611
0.512593
0.509234
0.506037
0.503006
0.500144
0.497452
0.494932
0.492586
0.490413
0.488414
0.486587
0.484932
0.483446
0.482127
0.480973
0.479979
0.479142
0.478457
0.477919
0.477523
0.477264
0.477134
0.477127
0.477236
0.477454
0.477773
0.478185
0.478683
0.479257
0.479899
0.480601
0.481353
0.482146
0.482972
0.483821
0.484684
0.485552
0.486415
0.487266
0.488094
0.488892
0.48965
0.49036
0.491015
0.491605
0.492123
0.492562
0.492915
0.493175
0.493335
0.49339
0.493333
0.49316
0.492866
0.492446
0.491896
0.491214
0.490395
0.489437
0.488339
0.487098
0.485714
0.484185
0.482512
0.480696
0.478736
0.476634
0.474392
0.472013
0.469498
0.466852
0.464076
0.461177
0.458157
0.455021
0.451775
0.448424
0.444974
0.44143
0.4378
0.434089
0.430305
0.426455
0.422545
0.418583
0.414577
0.410535
0.406463
0.40237
0.398264
0.394152
0.390042
0.385943
0.381861
0.377804
0.37378
0.369796
0.365859
0.361976
0.358154
0.3544
0.350719
0.347117
0.343602
0.340176
0.336847
0.333618
0.330494
0.327478
0.324575
0.321788
0.319119
0.316571
0.314145
0.311844
0.309669
0.30762
0.305697
0.3039
0.30223
0.300684
0.299262
0.297961
0.296779
0.295715
0.294764
0.293924
0.29319
0.29256
0.292027
0.291589
0.291239
0.290972
0.290783
0.290666
0.290616
0.290625
0.290688
0.290798
0.290948
0.291131
0.291342
0.291572
0.291815
0.292063
0.292311
0.29255
0.292774
0.292976
0.29315
0.293288
0.293385
0.293433
0.293427
0.293361
0.293229
0.293025
0.292745
0.292384
0.291936
0.291397
0.290764
0.290032
0.289199
0.288261
0.287216
0.28606
0.284794
0.283414
0.281919
0.28031
0.278585
0.276745
0.27479
0.27272
0.270537
0.268243
0.26584
0.263328
0.260713
0.257995
0.255179
0.252269
0.249267
0.246179
0.243009
0.239761
0.236442
0.233055
0.229607
0.226103
0.222549
0.218952
0.215316
0.211649
0.207957
0.204245
0.200522
0.196793
0.193064
0.189342
0.185634
0.181946
0.178284
0.174655
0.171064
0.167518
0.164022
0.160582
0.157203
0.153891
0.15065
0.147485
0.1444
0.141401
0.138489
0.13567
0.132947
0.130321
0.127797
0.125375
0.123059
0.120849
0.118747
0.116753
0.114868
0.113093
0.111426
0.109867
0.108415
0.107068
0.105826
0.104685
0.103644
0.1027
0.101849
0.101088
0.100414
0.0998223
0.099309
0.0988695
0.098499
0.0981926
0.0979452
0.0977512
0.0976053
0.0975017
0.0974345
0.0973978
0.0973856
0.0973917
0.09741
0.0974343
0.0974582
0.0974757
0.0974804
0.0974663
0.0974273
0.0973575
0.0972508
0.0971017
0.0969044
0.0966536
0.0963441
0.0959707
0.0955286
0.0950134
0.0944205
0.093746
0.0929861
0.0921372
0.0911962
0.0901601
0.0890265
0.0877929
0.0864577
0.0850191
0.083476
0.0818275
0.0800732
0.0782128
0.0762467
0.0741753
0.0719996
0.0697209
0.0673407
0.0648611
0.0622844
0.0596131
0.0568502
0.053999
0.051063
0.048046
0.0449522
0.0417858
0.0385515
0.0352541
0.0318987
0.0284905
0.0250349
0.0215374
0.0180038
0.01444
0.0108518
0.00724528
0.0036265
1.56811e-06
-0.00362336
-0.00724216
-0.0108487
-0.0144369
-0.0180008
-0.0215344
-0.0250318
-0.0284875
-0.0318958
-0.0352512
-0.0385487
-0.041783
-0.0449494
-0.0480434
-0.0510604
-0.0539965
-0.0568478
-0.0596108
-0.0622821
-0.0648589
-0.0673386
-0.0697189
-0.0719977
-0.0741735
-0.0762449
-0.0782112
-0.0800716
-0.0818261
-0.0834746
-0.0850178
-0.0864565
-0.0877918
-0.0890254
-0.0901592
-0.0911954
-0.0921365
-0.0929854
-0.0937454
-0.09442
-0.0950129
-0.0955282
-0.0959703
-0.0963438
-0.0966534
-0.0969042
-0.0971015
-0.0972507
-0.0973574
-0.0974273
-0.0974663
-0.0974804
-0.0974757
-0.0974582
-0.0974343
-0.0974101
-0.0973918
-0.0973856
-0.0973978
-0.0974345
-0.0975016
-0.0976052
-0.0977511
-0.097945
-0.0981924
-0.0984987
-0.0988691
-0.0993086
-0.0998219
-0.100413
-0.101088
-0.101848
-0.102699
-0.103643
-0.104684
-0.105825
-0.107067
-0.108414
-0.109865
-0.111424
-0.113091
-0.114867
-0.116752
-0.118745
-0.120847
-0.123057
-0.125373
-0.127795
-0.130319
-0.132944
-0.135668
-0.138487
-0.141398
-0.144398
-0.147482
-0.150647
-0.153888
-0.1572
-0.160579
-0.164019
-0.167515
-0.171061
-0.174652
-0.178281
-0.181943
-0.185631
-0.189339
-0.193061
-0.196789
-0.200519
-0.204242
-0.207953
-0.211646
-0.215313
-0.218949
-0.222546
-0.2261
-0.229604
-0.233052
-0.236439
-0.239759
-0.243006
-0.246176
-0.249264
-0.252266
-0.255177
-0.257993
-0.26071
-0.263326
-0.265837
-0.268241
-0.270535
-0.272718
-0.274788
-0.276743
-0.278584
-0.280308
-0.281918
-0.283412
-0.284792
-0.286059
-0.287215
-0.28826
-0.289198
-0.290032
-0.290763
-0.291397
-0.291935
-0.292383
-0.292745
-0.293025
-0.293229
-0.293361
-0.293427
-0.293433
-0.293385
-0.293288
-0.29315
-0.292976
-0.292774
-0.29255
-0.292311
-0.292064
-0.291815
-0.291572
-0.291342
-0.291132
-0.290948
-0.290798
-0.290688
-0.290625
-0.290616
-0.290666
-0.290783
-0.290972
-0.291238
-0.291588
-0.292027
-0.292559
-0.29319
-0.293923
-0.294763
-0.295714
-0.296778
-0.29796
-0.29926
-0.300683
-0.302228
-0.303899
-0.305695
-0.307618
-0.309667
-0.311843
-0.314143
-0.316569
-0.319117
-0.321786
-0.324573
-0.327476
-0.330491
-0.333615
-0.336844
-0.340173
-0.343599
-0.347114
-0.350716
-0.354396
-0.358151
-0.361973
-0.365856
-0.369792
-0.373776
-0.3778
-0.381857
-0.385939
-0.390039
-0.394149
-0.39826
-0.402367
-0.40646
-0.410531
-0.414574
-0.41858
-0.422542
-0.426451
-0.430302
-0.434086
-0.437797
-0.441427
-0.444971
-0.448421
-0.451772
-0.455018
-0.458154
-0.461174
-0.464074
-0.466849
-0.469496
-0.472011
-0.47439
-0.476632
-0.478734
-0.480694
-0.482511
-0.484184
-0.485712
-0.487097
-0.488338
-0.489436
-0.490394
-0.491213
-0.491896
-0.492446
-0.492866
-0.49316
-0.493333
-0.49339
-0.493335
-0.493175
-0.492915
-0.492563
-0.492123
-0.491605
-0.491015
-0.490361
-0.489651
-0.488893
-0.488095
-0.487267
-0.486416
-0.485552
-0.484684
-0.483821
-0.482973
-0.482147
-0.481353
-0.480601
-0.4799
-0.479257
-0.478683
-0.478186
-0.477773
-0.477454
-0.477236
-0.477127
-0.477133
-0.477263
-0.477523
-0.477919
-0.478456
-0.479141
-0.479978
-0.480972
-0.482126
-0.483445
-0.48493
-0.486586
-0.488412
-0.490411
-0.492584
-0.49493
-0.49745
-0.500141
-0.503004
-0.506034
-0.509231
-0.51259
-0.516107
-0.519778
-0.523599
-0.527563
-0.531664
-0.535896
-0.540252
-0.544723
-0.549303
-0.553983
-0.558753
-0.563605
-0.568529
-0.573515
-0.578553
-0.583632
-0.588741
-0.59387
-0.599008
-0.604143
-0.609264
-0.61436
-0.619418
-0.624429
-0.62938
-0.634259
-0.639057
-0.643762
-0.648363
-0.65285
-0.657212
-0.661439
-0.665522
-0.669452
-0.67322
-0.676816
-0.680234
-0.683467
-0.686506
-0.689346
-0.691982
-0.694407
-0.696619
-0.698612
-0.700384
-0.701933
-0.703256
-0.704353
-0.705224
-0.705869
-0.70629
-0.706488
-0.706466
-0.706229
-0.705779
-0.705124
-0.704267
-0.703217
-0.701979
-0.700563
-0.698977
-0.69723
-0.695332
-0.693295
-0.691128
-0.688845
-0.686458
-0.683979
-0.681422
-0.678801
-0.67613
-0.673423
-0.670696
-0.667963
-0.66524
-0.662544
-0.659888
-0.65729
-0.654766
-0.65233
-0.649999
-0.64779
-0.645716
-0.643794
-0.642039
-0.640466
-0.639089
-0.637922
-0.636979
-0.636273
-0.635816
-0.63562
-0.635698
-0.636058
-0.636711
-0.637666
-0.638932
-0.640515
-0.642423
-0.64466
-0.647231
-0.65014
-0.65339
-0.656981
-0.660915
-0.665191
-0.669806
-0.674758
-0.680044
-0.685657
-0.691591
-0.697839
-0.704393
-0.711242
-0.718375
-0.725781
-0.733446
-0.741356
-0.749495
-0.757847
-0.766395
-0.775119
-0.784001
-0.793019
-0.802152
-0.811379
-0.820675
-0.830018
-0.839381
-0.848741
-0.85807
-0.867343
-0.876532
-0.88561
-0.894549
-0.903319
-0.911893
-0.920242
-0.928337
-0.936148
-0.943647
-0.950803
-0.957589
-0.963976
-0.969934
-0.975436
-0.980454
-0.98496
-0.988927
-0.99233
-0.995142
-0.997339
-0.998896
-0.999791
-1
-0.999503
-0.998279
-0.996309
-0.993575
-0.99006
-0.985749
-0.980626
-0.97468
-0.967897
-0.960269
-0.951786
-0.942441
-0.932228
-0.921143
-0.909184
-0.896349
-0.882638
-0.868054
-0.852601
-0.836284
-0.819109
-0.801085
-0.782223
-0.762534
-0.742032
-0.720731
-0.698648
-0.6758
-0.652208
-0.627892
-0.602875
-0.577179
-0.550831
-0.523856
-0.496282
-0.468138
-0.439453
-0.410259
-0.380587
-0.350471
-0.319945
-0.289042
-0.257798
-0.22625
-0.194434
-0.162388
-0.130149
-0.0977543
-0.0652438
-0.0326555
-2.82261e-05
0.032599
